000001
000009
000021
000027
000028
000029
000032
000034
000035
000039
000048
000050
000060
000061
000062
000063
000065
000066
000070
000088
000089
000099
000100
000155
000156
000157
000158
000166
000301
000333
000338
000400
000408
000410
000415
000422
000423
000425
000426
000429
000506
000513
000519
000528
000534
000537
000538
000539
000543
000547
000550
000553
000555
000559
000567
000568
000581
000582
000591
000592
000598
000600
000603
000612
000617
000623
000625
000628
000630
000636
000651
000657
000661
000672
000680
000681
000682
000683
000685
000686
000688
000690
000700
000703
000708
000712
000719
000725
000728
000729
000733
000737
000738
000739
000758
000762
000766
000768
000776
000783
000786
000791
000792
000799
000800
000801
000807
000810
000811
000815
000828
000830
000831
000833
000837
000858
000869
000875
000876
000878
000880
000883
000887
000893
000895
000901
000902
000905
000917
000921
000922
000923
000933
000935
000937
000938
000951
000958
000960
000963
000966
000967
000969
000970
000973
000975
000977
000983
000987
000990
000997
000998
000999
001696
001872
001896
001965
001979
002001
002003
002007
002008
002010
002011
002015
002019
002020
002025
002027
002031
002032
002041
002043
002044
002046
002048
002049
002050
002051
002056
002062
002063
002064
002065
002074
002078
002080
002081
002085
002091
002092
002100
002120
002126
002128
002129
002130
002131
002138
002139
002142
002145
002149
002151
002152
002153
002155
002156
002158
002167
002169
002171
002174
002176
002179
002180
002181
002182
002183
002185
002192
002195
002202
002203
002204
002215
002216
002222
002223
002230
002236
002237
002240
002241
002244
002245
002246
002249
002250
002252
002254
002258
002261
002262
002265
002266
002268
002270
002271
002273
002276
002287
002292
002294
002297
002299
002304
002311
002312
002317
002318
002320
002324
002326
002335
002338
002340
002352
002354
002361
002364
002366
002372
002373
002378
002379
002387
002389
002396
002399
002400
002402
002405
002407
002408
002410
002413
002414
002415
002416
002422
002423
002428
002429
002430
002432
002436
002439
002440
002444
002456
002458
002459
002460
002461
002465
002466
002468
002472
002475
002484
002487
002491
002493
002497
002498
002500
002507
002508
002517
002518
002531
002532
002534
002536
002539
002541
002544
002545
002555
002558
002563
002568
002583
002585
002594
002595
002597
002600
002601
002602
002603
002608
002611
002617
002624
002625
002626
002635
002636
002643
002645
002647
002648
002653
002654
002668
002670
002673
002675
002683
002690
002698
002701
002703
002706
002709
002714
002716
002736
002738
002739
002741
002745
002747
002755
002756
002768
002773
002779
002792
002797
002807
002812
002831
002832
002837
002838
002839
002841
002847
002859
002865
002867
002881
002895
002896
002897
002901
002906
002911
002913
002920
002922
002925
002926
002929
002938
002939
002945
002946
002947
002948
002957
002966
003816
302132
600000
600004
600006
600007
600009
600011
600012
600015
600018
600019
600021
600023
600025
600026
600027
600028
600029
600030
600031
600036
600038
600039
600048
600050
600056
600057
600058
600060
600061
600062
600063
600064
600066
600072
600085
600089
600095
600096
600098
600100
600104
600105
600109
600110
600111
600113
600114
600116
600118
600120
600123
600126
600131
600132
600141
600143
600150
600151
600153
600155
600160
600161
600162
600167
600171
600172
600176
600177
600179
600184
600186
600188
600196
600198
600201
600206
600211
600216
600219
600226
600233
600236
600246
600256
600258
600259
600267
600268
600271
600276
600282
600285
600292
600295
600298
600299
600309
600312
600315
600316
600320
600323
600326
600329
600330
600331
600332
600338
600343
600345
600346
600348
600350
600352
600353
600362
600366
600367
600369
600372
600373
600377
600378
600380
600388
600390
600391
600392
600395
600398
600403
600406
600409
600410
600415
600416
600418
600420
600426
600428
600435
600438
600446
600452
600456
600458
600459
600460
600461
600475
600480
600482
600483
600486
600487
600489
600490
600497
600498
600499
600500
600508
600509
600511
600516
600517
600521
600522
600528
600529
600531
600535
600536
600546
600547
600548
600549
600550
600552
600559
600562
600566
600570
600572
600577
600578
600580
600582
600583
600584
600585
600588
600589
600595
600596
600598
600600
600601
600602
600610
600611
600612
600618
600619
600621
600623
600629
600633
600635
600637
600639
600641
600642
600648
600651
600655
600660
600663
600664
600667
600673
600674
600685
600690
600699
600702
600703
600704
600707
600710
600711
600717
600718
600720
600722
600728
600732
600733
600737
600739
600740
600741
600744
600750
600754
600755
600760
600761
600763
600764
600765
600773
600776
600779
600783
600787
600795
600801
600803
600820
600821
600827
600835
600839
600845
600848
600850
600851
600859
600862
600863
600864
600867
600869
600872
600873
600875
600877
600879
600882
600884
600885
600886
600887
600888
600893
600895
600900
600901
600908
600909
600919
600926
600933
600958
600961
600967
600970
600971
600977
600985
600986
600988
600989
600993
600995
600998
600999
601000
601001
601006
601009
601012
601019
601020
601021
601038
601058
601066
601068
601069
601077
601088
601098
601101
601107
601108
601111
601117
601118
601126
601127
601128
601137
601138
601139
601155
601158
601166
601168
601169
601179
601186
601198
601208
601211
601212
601216
601222
601225
601229
601231
601233
601236
601238
601288
601298
601318
601319
601328
601336
601339
601360
601369
601375
601377
601390
601398
601519
601555
601567
601577
601598
601600
601601
601606
601607
601608
601611
601615
601619
601628
601633
601636
601658
601666
601668
601669
601677
601678
601688
601689
601698
601699
601717
601727
601766
601777
601788
601799
601800
601801
601808
601838
601857
601858
601865
601872
601877
601878
601881
601882
601886
601888
601898
601899
601900
601901
601918
601919
601928
601939
601949
601952
601958
601965
601966
601969
601975
601985
601988
601990
601991
601997
601998
603000
603005
603009
603011
603019
603025
603026
603027
603039
603063
603067
603078
603099
603103
603118
603127
603156
603160
603179
603185
603198
603225
603228
603233
603236
603260
603267
603283
603288
603298
603301
603305
603306
603308
603317
603323
603328
603338
603345
603355
603358
603369
603379
603393
603456
603486
603501
603505
603515
603516
603530
603556
603568
603588
603589
603596
603601
603605
603606
603613
603618
603619
603626
603638
603650
603658
603659
603662
603663
603667
603678
603688
603693
603698
603699
603707
603713
603728
603730
603733
603737
603738
603766
603786
603799
603800
603806
603816
603826
603833
603858
603868
603871
603876
603881
603882
603883
603885
603888
603899
603906
603920
603927
603936
603938
603939
603979
603989
603993
603997
